0.0758680895481334
0.114233638419903
0.0404931053888097
0.0965046522934595
0.0765391458510510
0.0597314894923456
0.0993049663962967
0.178110473724361
0.112985202015547
0.0817358891659296
0.0987255848132039
0.0527481329101088
0.0811237416945705
0.0773374031029376
0.236620505663147
0.0440260827506803
0.0501946632314815
0.0658305074012064
0.0408877259820040
0.0517813910235403
0.0468648119029149
0.0439409941739474
0.187479815186264
0.101611255359362
0.0645191845383444
0.177601371078017
0.0235899564042267
0.0925398414069270
0.141830022451234
0.0897072870225423
0.0825807348195889
0.0657218599061445
0.0780154501571605
0.0731683865411277
0.114471235534125
0.00872750755518714
0.0517739634782735
0.179325486472483
0.0733116141187736
0.111086808717344
0.307882818311270
0.0956284504552918
0.0351538402243714
0.0208925039126865
0.172397880421283
0.174293197716881
0.0995176009020635
0.0969488166250985
0.0928298163676421
0.0618851546985280